Sorting 20 elements with QuickSort
Quick sorted array:
59 94 141 174 222 256 338 345 397 436 471 492 535 578 655 706 728 833 952 984
QuickSort time taken: 0.6097 ms
Sorting 20 elements with MergeSort
Merge sorted array:
59 94 141 174 222 256 338 345 397 436 471 492 535 578 655 706 728 833 952 984
MergeSort time taken: 0.436 ms
Sorting 20 elements with ShellSort
Shell sorted array:
59 94 141 174 222 256 338 345 397 436 471 492 535 578 655 706 728 833 952 984
ShellSort time taken: 0.1338 ms
Sorting 30 elements with QuickSort
Quick sorted array:
55 59 94 141 152 174 222 256 274 291 338 345 397 436 471 492 509 535 569 578 631 655 706 728 801 833 948 952 984 997
QuickSort time taken: 0.0044 ms
Sorting 30 elements with MergeSort
Merge sorted array:
55 59 94 141 152 174 222 256 274 291 338 345 397 436 471 492 509 535 569 578 631 655 706 728 801 833 948 952 984 997
MergeSort time taken: 0.0074 ms
Sorting 30 elements with ShellSort
Shell sorted array:
55 59 94 141 152 174 222 256 274 291 338 345 397 436 471 492 509 535 569 578 631 655 706 728 801 833 948 952 984 997
ShellSort time taken: 0.0018 ms
Sorting 50 elements with QuickSort
Quick sorted array:
46 48 55 59 94 141 152 174 222 223 256 274 291 303 336 338 345 397 410 436 464 471 492 509 535 569 578 596 619 631 655 680 683 699 702 706 711 728 781 795 801 833 903 942 948 952 966 972 984 997
QuickSort time taken: 0.0059 ms
Sorting 50 elements with MergeSort
Merge sorted array:
46 48 55 59 94 141 152 174 222 223 256 274 291 303 336 338 345 397 410 436 464 471 492 509 535 569 578 596 619 631 655 680 683 699 702 706 711 728 781 795 801 833 903 942 948 952 966 972 984 997
MergeSort time taken: 0.0146 ms
Sorting 50 elements with ShellSort
Shell sorted array:
46 48 55 59 94 141 152 174 222 223 256 274 291 303 336 338 345 397 410 436 464 471 492 509 535 569 578 596 619 631 655 680 683 699 702 706 711 728 781 795 801 833 903 942 948 952 966 972 984 997
ShellSort time taken: 0.0291 ms
